-18.8495559215388
-17.8495559215388
-16.8495559215388
-15.8495559215388
-14.8495559215388
-13.8495559215388
-12.8495559215388
-11.8495559215388
-10.8495559215388
-9.84955592153876
-8.84955592153876
-7.84955592153876
-6.84955592153876
-5.84955592153876
-4.84955592153876
-3.84955592153876
-2.84955592153876
-1.84955592153876
-0.849555921538759
0.150444078461241
1.15044407846124
2.15044407846124
3.15044407846124
4.15044407846124
5.15044407846124
6.15044407846124
7.15044407846124
8.15044407846124
9.15044407846124
10.1504440784612
11.1504440784612
12.1504440784612
13.1504440784612
14.1504440784612
15.1504440784612
16.1504440784612
17.1504440784612
18.1504440784612