-18.8495559215388
-18.7495559215388
-18.6495559215388
-18.5495559215388
-18.4495559215388
-18.3495559215388
-18.2495559215388
-18.1495559215388
-18.0495559215388
-17.9495559215388
-17.8495559215388
-17.7495559215388
-17.6495559215388
-17.5495559215388
-17.4495559215388
-17.3495559215388
-17.2495559215388
-17.1495559215388
-17.0495559215388
-16.9495559215388
-16.8495559215388
-16.7495559215388
-16.6495559215388
-16.5495559215388
-16.4495559215388
-16.3495559215388
-16.2495559215388
-16.1495559215388
-16.0495559215388
-15.9495559215388
-15.8495559215388
-15.7495559215388
-15.6495559215388
-15.5495559215388
-15.4495559215388
-15.3495559215388
-15.2495559215388
-15.1495559215388
-15.0495559215388
-14.9495559215388
-14.8495559215388
-14.7495559215388
-14.6495559215388
-14.5495559215388
-14.4495559215388
-14.3495559215388
-14.2495559215388
-14.1495559215388
-14.0495559215388
-13.9495559215388
-13.8495559215388
-13.7495559215388
-13.6495559215388
-13.5495559215388
-13.4495559215388
-13.3495559215388
-13.2495559215388
-13.1495559215388
-13.0495559215388
-12.9495559215388
-12.8495559215388
-12.7495559215388
-12.6495559215388
-12.5495559215388
-12.4495559215388
-12.3495559215388
-12.2495559215388
-12.1495559215388
-12.0495559215388
-11.9495559215388
-11.8495559215388
-11.7495559215388
-11.6495559215388
-11.5495559215388
-11.4495559215388
-11.3495559215388
-11.2495559215388
-11.1495559215388
-11.0495559215388
-10.9495559215388
-10.8495559215388
-10.7495559215388
-10.6495559215388
-10.5495559215388
-10.4495559215388
-10.3495559215388
-10.2495559215388
-10.1495559215388
-10.0495559215388
-9.94955592153876
-9.84955592153876
-9.74955592153876
-9.64955592153876
-9.54955592153876
-9.44955592153876
-9.34955592153876
-9.24955592153876
-9.14955592153876
-9.04955592153876
-8.94955592153876
-8.84955592153876
-8.74955592153876
-8.64955592153876
-8.54955592153876
-8.44955592153876
-8.34955592153876
-8.24955592153876
-8.14955592153876
-8.04955592153876
-7.94955592153876
-7.84955592153876
-7.74955592153876
-7.64955592153876
-7.54955592153876
-7.44955592153876
-7.34955592153876
-7.24955592153876
-7.14955592153876
-7.04955592153876
-6.94955592153876
-6.84955592153876
-6.74955592153876
-6.64955592153876
-6.54955592153876
-6.44955592153876
-6.34955592153876
-6.24955592153876
-6.14955592153876
-6.04955592153876
-5.94955592153876
-5.84955592153876
-5.74955592153876
-5.64955592153876
-5.54955592153876
-5.44955592153876
-5.34955592153876
-5.24955592153876
-5.14955592153876
-5.04955592153876
-4.94955592153876
-4.84955592153876
-4.74955592153876
-4.64955592153876
-4.54955592153876
-4.44955592153876
-4.34955592153876
-4.24955592153876
-4.14955592153876
-4.04955592153876
-3.94955592153876
-3.84955592153876
-3.74955592153876
-3.64955592153876
-3.54955592153876
-3.44955592153876
-3.34955592153876
-3.24955592153876
-3.14955592153876
-3.04955592153876
-2.94955592153876
-2.84955592153876
-2.74955592153876
-2.64955592153876
-2.54955592153876
-2.44955592153876
-2.34955592153876
-2.24955592153876
-2.14955592153876
-2.04955592153876
-1.94955592153876
-1.84955592153876
-1.74955592153876
-1.64955592153876
-1.54955592153876
-1.44955592153876
-1.34955592153876
-1.24955592153876
-1.14955592153876
-1.04955592153876
-0.949555921538757
-0.849555921538759
-0.749555921538757
-0.649555921538759
-0.549555921538758
-0.449555921538757
-0.349555921538759
-0.249555921538757
-0.149555921538759
-0.0495559215387580
0.0504440784612434
0.150444078461241
0.250444078461243
0.350444078461241
0.450444078461242
0.550444078461243
0.650444078461241
0.750444078461243
0.850444078461241
0.950444078461242
1.05044407846124
1.15044407846124
1.25044407846124
1.35044407846124
1.45044407846124
1.55044407846124
1.65044407846124
1.75044407846124
1.85044407846124
1.95044407846124
2.05044407846124
2.15044407846124
2.25044407846124
2.35044407846124
2.45044407846124
2.55044407846124
2.65044407846124
2.75044407846124
2.85044407846124
2.95044407846124
3.05044407846124
3.15044407846124
3.25044407846124
3.35044407846124
3.45044407846124
3.55044407846124
3.65044407846124
3.75044407846124
3.85044407846124
3.95044407846124
4.05044407846124
4.15044407846124
4.25044407846124
4.35044407846124
4.45044407846124
4.55044407846124
4.65044407846124
4.75044407846124
4.85044407846124
4.95044407846124
5.05044407846124
5.15044407846124
5.25044407846124
5.35044407846124
5.45044407846124
5.55044407846124
5.65044407846124
5.75044407846124
5.85044407846124
5.95044407846124
6.05044407846124
6.15044407846124
6.25044407846124
6.35044407846124
6.45044407846124
6.55044407846124
6.65044407846124
6.75044407846124
6.85044407846124
6.95044407846124
7.05044407846124
7.15044407846124
7.25044407846124
7.35044407846124
7.45044407846124
7.55044407846124
7.65044407846124
7.75044407846124
7.85044407846124
7.95044407846124
8.05044407846124
8.15044407846124
8.25044407846124
8.35044407846124
8.45044407846124
8.55044407846124
8.65044407846124
8.75044407846124
8.85044407846124
8.95044407846124
9.05044407846124
9.15044407846124
9.25044407846124
9.35044407846124
9.45044407846124
9.55044407846124
9.65044407846124
9.75044407846124
9.85044407846124
9.95044407846124
10.0504440784612
10.1504440784612
10.2504440784612
10.3504440784612
10.4504440784612
10.5504440784612
10.6504440784612
10.7504440784612
10.8504440784612
10.9504440784612
11.0504440784612
11.1504440784612
11.2504440784612
11.3504440784612
11.4504440784612
11.5504440784612
11.6504440784612
11.7504440784612
11.8504440784612
11.9504440784612
12.0504440784612
12.1504440784612
12.2504440784612
12.3504440784612
12.4504440784612
12.5504440784612
12.6504440784612
12.7504440784612
12.8504440784612
12.9504440784612
13.0504440784612
13.1504440784612
13.2504440784612
13.3504440784612
13.4504440784612
13.5504440784612
13.6504440784612
13.7504440784612
13.8504440784612
13.9504440784612
14.0504440784612
14.1504440784612
14.2504440784612
14.3504440784612
14.4504440784612
14.5504440784612
14.6504440784612
14.7504440784612
14.8504440784612
14.9504440784612
15.0504440784612
15.1504440784612
15.2504440784612
15.3504440784612
15.4504440784612
15.5504440784612
15.6504440784612
15.7504440784612
15.8504440784612
15.9504440784612
16.0504440784612
16.1504440784612
16.2504440784612
16.3504440784612
16.4504440784612
16.5504440784612
16.6504440784612
16.7504440784612
16.8504440784612
16.9504440784612
17.0504440784612
17.1504440784612
17.2504440784612
17.3504440784612
17.4504440784612
17.5504440784612
17.6504440784612
17.7504440784612
17.8504440784612
17.9504440784612
18.0504440784612
18.1504440784612
18.2504440784612
18.3504440784612
18.4504440784612
18.5504440784612
18.6504440784612
18.7504440784612