0
0.841470984807897
0.909297426825681
0.141120008059867
-0.756802495307929
-0.958924274663138
-0.279415498198925
0.656986598718790
0.989358246623382
0.412118485241756
-0.544021110889370
-0.999990206550704
-0.536572918000434
0.420167036826642
0.990607355694871
0.650287840157116
-0.287903316665066
-0.961397491879557
-0.750987246771676
0.149877209662953
0.912945250727628
0.836655638536056
-0.00885130929040461
-0.846220404175171
-0.905578362006624
-0.132351750097772
0.762558450479603
0.956375928404503
0.270905788307868
-0.663633884212968
-0.988031624092862
-0.404037645323064
0.551426681241691
0.999911860107267
0.529082686120023
-0.428182669496152
-0.991778853443116
-0.643538133356999