0.000000 
0.121923 
0.240717 
0.354408 
0.461021 
0.558580 
0.645112 
0.718642 
0.777195 
0.818796 
0.841471 
0.853538 
0.864593 
0.874575 
0.883423 
0.891076 
0.897474 
0.902556 
0.906261 
0.908528 
0.909297 
0.895240 
0.855903 
0.795535 
0.718387 
0.628708 
0.530750 
0.428762 
0.326994 
0.229697 
0.141120 
0.051880 
-0.047689 
-0.153759 
-0.262504 
-0.370095 
-0.472706 
-0.566510 
-0.647679 
-0.712385 
-0.756802 
-0.789189 
-0.820059 
-0.848966 
-0.875465 
-0.899109 
-0.919454 
-0.936054 
-0.948463 
-0.956235 
-0.958924 
-0.946986 
-0.913456 
-0.861765 
-0.795341 
-0.717612 
-0.632008 
-0.541957 
-0.450889 
-0.362232 
-0.279415 
-0.193821 
-0.096925 
0.007707 
0.116505 
0.225902 
0.332329 
0.432220 
0.522004 
0.598116 
0.656987 
0.706032 
0.754351 
0.800898 
0.844629 
0.884498 
0.919462 
0.948474 
0.970491 
0.984467 
0.989358 
0.979674 
0.952361 
0.910027 
0.855278 
0.790723 
0.718969 
0.642624 
0.564296 
0.486591 
0.412118 
0.332594 
0.240295 
0.138671 
0.031173 
-0.078752 
-0.187652 
-0.292079 
-0.388582 
-0.473713 
-0.544021 
-0.606804 
-0.670479 
-0.733279 
-0.793438 
-0.849190 
-0.898767 
-0.940402 
-0.972329 
-0.992780 
-0.999990 
-0.992634 
-0.971775 
-0.939229 
-0.896809 
-0.846331 
-0.789609 
-0.728457 
-0.664691 
-0.600125 
-0.536573 
-0.465641 
-0.380021 
-0.283159 
-0.178502 
-0.069495 
0.040415 
0.147782 
0.249161 
0.341105 
0.420167 
0.494033 
0.570979 
0.648448 
0.723884 
0.794729 
0.858427 
0.912420 
0.954153 
0.981068 
0.990607 
0.985574 
0.971197 
0.948565 
0.918763 
0.882881 
0.842003 
0.797218 
0.749612 
0.700273 
0.650288 
0.590619 
0.513876 
0.423616 
0.323396 
0.216773 
0.107303 
-0.001457 
-0.105949 
-0.202617 
-0.287903 
-0.370274 
-0.458312 
-0.548642 
-0.637885 
-0.722664 
-0.799602 
-0.865321 
-0.916445 
-0.949597 
-0.961397 
-0.958576 
-0.950431 
-0.937441 
-0.920083 
-0.898835 
-0.874176 
-0.846584 
-0.816536 
-0.784511 
-0.750987 
-0.705567 
-0.640072 
-0.558307 
-0.464080 
-0.361195 
-0.253459 
-0.144678 
-0.038658 
0.060796 
0.149877 
0.238170 
0.334998 
0.436160 
0.537459 
0.634694 
0.723666 
0.800177 
0.860027 
0.899016 
0.912945 
0.912069 
0.909490 
0.905284 
0.899527 
0.892294 
0.883663 
0.873707 
0.862504 
0.850128 
0.836656 
0.809218 
0.757735 
0.686463 
0.599660 
0.501586 
0.396496 
0.288650 
0.182305 
0.081718 
-0.008851 
-0.099455 
-0.200092 
-0.306427 
-0.414127 
-0.518856 
-0.616279 
-0.702062 
-0.771870 
-0.821367 
-0.846220 
-0.856862 
-0.866583 
-0.875338 
-0.883078 
-0.889757 
-0.895327 
-0.899741 
-0.902953 
-0.904914 
-0.905578 
-0.891395 
-0.851711 
-0.790828 
-0.713047 
-0.622669 
-0.523994 
-0.421324 
-0.318960 
-0.221202 
-0.132352 
-0.042962 
0.056716 
0.162831 
0.271535 
0.378979 
0.481312 
0.574686 
0.655252 
0.719159 
0.762558 
0.793794 
0.823500 
0.851261 
0.876665 
0.899296 
0.918740 
0.934585 
0.946415 
0.953817 
0.956376 
0.944300 
0.910394 
0.858138 
0.791013 
0.712498 
0.626075 
0.535223 
0.443425 
0.354158 
0.270906 
0.185014 
0.087896 
-0.016869 
-0.125701 
-0.235019 
-0.341246 
-0.440800 
-0.530102 
-0.605574 
-0.663634 
-0.711728 
-0.759018 
-0.804501 
-0.847175 
-0.886035 
-0.920079 
-0.948304 
-0.969706 
-0.983283 
-0.988032 
-0.978204 
-0.950493 
-0.907558 
-0.852057 
-0.786649 
-0.713991 
-0.636742 
-0.557562 
-0.479107 
-0.404038 
-0.324061 
-0.231415 
-0.129553 
-0.021929 
0.088004 
0.196792 
0.300982 
0.397120 
0.481752 
0.551427 
0.613430 
0.676205 
0.738034 
0.797196 
0.851974 
0.900647 
0.941497 
0.972803 
0.992848 
0.999912 
0.992409 
0.971144 
0.937979 
0.894775 
0.843398 
0.785708 
0.723569 
0.658843 
0.593393 
0.529083 
0.457537 
0.371437 
0.274224 
0.169342 
0.060235 
-0.049655 
-0.156885 
-0.258012 
-0.349592 
-0.428183 
-0.501431 
-0.577610 
-0.654213 
-0.728734 
-0.798666 
-0.861503 
-0.914739 
-0.955868 
-0.982383 
-0.991779 
-0.989266 
-0.981295 
-0.967221 
-0.946397 
-0.918178 
-0.881918 
-0.836970 
-0.782688 
-0.718426 
-0.643538 
-0.557379 
-0.459301 
-0.348659 
-0.224808 
-0.087100 
0.065110 
